# Measured scattering data of gold cubes
# q I err
3.068041599999999508e-02 1.857493827078160757e+04 3.735550882003592221e+01
3.221443599999999907e-02 1.850004651744444345e+04 2.611919843667707042e+01
3.374845600000000306e-02 1.793660291973180210e+04 2.484266571550605462e+01
3.528247600000000012e-02 1.746158470497700910e+04 2.482172445284554030e+01
3.681650000000001588e-02 1.698550552657088338e+04 2.530070435511973415e+01
3.835052000000000599e-02 1.655600571018774281e+04 2.454877285069552784e+01
3.988454000000000305e-02 1.606924665928352624e+04 2.362536322406963762e+01
4.141856000000000010e-02 1.561720334988889226e+04 2.319138395433689936e+01
4.295258000000001103e-02 1.513051641490421207e+04 2.292103508916790844e+01
4.448660000000002196e-02 1.468135390349808404e+04 2.144714145191423782e+01
4.602062399999998221e-02 1.413667105751724375e+04 2.055393314623768930e+01
4.755464399999998620e-02 1.366181496455938941e+04 1.955839357388419231e+01
4.908866399999999713e-02 1.321354521249808386e+04 1.821128698479274632e+01
5.062268400000002194e-02 1.272276175259770025e+04 1.712325669852813448e+01
5.215670400000002593e-02 1.222130886687739439e+04 1.639031337379041986e+01
5.369072799999998619e-02 1.178311925955555125e+04 1.596625983081901623e+01
5.522474799999999712e-02 1.134108556305746788e+04 1.597378295306654472e+01
5.675876800000000111e-02 1.086057367365134087e+04 1.545731450369599358e+01
5.829278800000001204e-02 1.040924706011111266e+04 1.480963880246085118e+01
5.982680799999997440e-02 9.960626960651336049e+03 1.424465635752399528e+01
6.136083199999999016e-02 9.476485454858235244e+03 1.314646879750604569e+01
6.289485199999998721e-02 9.027750890022987733e+03 1.270025633128571307e+01
6.442887199999999814e-02 8.570916737340996406e+03 1.214107183264409073e+01
6.596289199999998132e-02 8.126915715926435951e+03 1.173318174898179755e+01
6.749691199999999225e-02 7.720030640542529000e+03 1.143605531168828549e+01
6.903093600000001495e-02 7.309996186448661319e+03 1.126307724108204411e+01
7.056495200000000023e-02 6.912298717244063482e+03 1.062175548262332114e+01
7.209897599999998130e-02 6.499355426962452839e+03 1.025909994733201103e+01
7.363300000000003176e-02 6.109944879277012660e+03 9.794431376621858476e+00
7.516701599999998928e-02 5.739871282963217709e+03 9.292099032932283009e+00
7.670104000000001199e-02 5.387040903159771005e+03 8.746096271788468712e+00
7.823505600000001114e-02 5.036649252102683022e+03 8.263760888277678518e+00
7.976907999999999221e-02 4.689974896918391096e+03 7.786893419927636728e+00
8.130309599999999137e-02 4.365907457488889122e+03 7.484765905485347481e+00
8.283712000000000020e-02 4.071688228366665498e+03 7.103212059840738668e+00
8.437114399999998127e-02 3.788696598066668230e+03 6.827869020262267163e+00
8.590516000000002206e-02 3.514728174994253095e+03 6.595441100005116297e+00
8.743918399999997537e-02 3.240030034142145269e+03 6.222640485470108729e+00
8.897320000000003004e-02 2.975037389338313005e+03 5.928031128575177000e+00
9.050722399999999723e-02 2.739490810844444695e+03 5.590149379794853601e+00
9.204124799999996442e-02 2.506372478636781580e+03 5.305274031227507514e+00
9.357526400000003297e-02 2.296084059991952927e+03 5.005320022177559558e+00
9.510928800000000016e-02 2.096442483890038602e+03 4.685981388661821789e+00
9.664330400000004095e-02 1.902304007003447850e+03 4.462559595585273264e+00
9.817732799999999427e-02 1.720214956489655378e+03 4.258019829090955888e+00
9.971135199999997534e-02 1.562078332769731787e+03 4.120259573940201037e+00
1.012453700000000012e-01 1.408473404569348759e+03 3.880098315483268667e+00
1.027793899999999983e-01 1.268511828720689209e+03 3.725410114775937753e+00
1.043134100000000369e-01 1.136979394126820125e+03 3.500392402558207383e+00
1.058474300000000201e-01 1.011480692206896379e+03 3.263690095225527443e+00
1.073814600000000397e-01 8.961608988432951719e+02 3.104934482907801385e+00
1.089154699999999587e-01 7.900344060482758550e+02 2.909131495045736315e+00
1.104495000000000338e-01 7.032256423256702647e+02 2.714583619131082148e+00
1.119835099999999806e-01 6.144846306578543818e+02 2.557957420409614713e+00
1.135175399999999446e-01 5.381860951245209890e+02 2.359189664925843477e+00
1.150515599999999555e-01 4.693293150272031653e+02 2.224031510958030200e+00
1.165855799999999942e-01 4.065968803999999750e+02 2.055964865536098252e+00
1.181196000000000190e-01 3.532995753770114788e+02 1.879625898151257912e+00
1.196536200000000022e-01 3.020966248295019909e+02 1.735088639123956389e+00
1.211876399999999993e-01 2.621834928076627875e+02 1.634945176233075781e+00
1.227216599999999963e-01 2.252075992218391036e+02 1.520993009184475664e+00
1.242556800000000489e-01 1.925634332329501603e+02 1.378160129041363202e+00
1.257896999999999488e-01 1.645123841007662691e+02 1.240674429436161130e+00
1.273237200000000013e-01 1.412268316498084175e+02 1.146502439569132559e+00
1.288577399999999429e-01 1.240082533003831315e+02 1.048967676165779572e+00
1.303917600000000232e-01 1.108555976574713071e+02 9.966827223470695607e-01
1.319257799999999925e-01 1.005441583854406389e+02 9.373596743848904289e-01
1.334598100000000120e-01 9.406917953486590989e+01 9.096443054661021987e-01
1.349938199999999866e-01 8.867105423946360077e+01 8.773075020424347947e-01
1.365278400000000114e-01 8.621933156206897308e+01 8.456930929436319300e-01
1.380618700000000032e-01 8.651994319578544435e+01 8.408792251513859117e-01
1.395958900000000003e-01 8.933541630651342302e+01 8.464083181606669726e-01
1.411299000000000026e-01 9.201931354521074979e+01 8.541605364551762003e-01
1.426639399999999891e-01 9.508983739731800711e+01 8.539677215237255758e-01
1.441979500000000192e-01 1.009543067452107294e+02 8.758541494196134813e-01
1.457319699999999607e-01 1.068956261122605582e+02 8.977395731948365487e-01
1.472660000000000635e-01 1.136923184727969129e+02 9.140022585739323580e-01
1.488000199999999773e-01 1.194430616463601496e+02 9.344517366968602134e-01
1.503340299999999796e-01 1.265002931444444414e+02 9.496925758973349119e-01
1.518680500000000044e-01 1.329587596268199547e+02 9.604592432113959743e-01
1.534020800000000240e-01 1.404175851448275694e+02 9.802538868609316225e-01
1.549361000000000210e-01 1.464436796827585852e+02 9.952160279148724031e-01
1.564701099999999401e-01 1.542320636291187554e+02 1.017718476172880582e+00
1.580041400000000151e-01 1.605888800011494197e+02 1.025868828047302728e+00
1.595381599999999844e-01 1.663146808467433289e+02 1.044304686425340911e+00
1.610721800000000370e-01 1.713005759076628465e+02 1.052078106110551525e+00
1.626061900000000116e-01 1.763469104969348962e+02 1.062053584279333052e+00
1.641402200000000589e-01 1.782756417597700818e+02 1.053731948742979707e+00
1.656742400000000004e-01 1.817888630141762576e+02 1.057877248397175896e+00
1.672082599999999142e-01 1.846781777992337084e+02 1.073109956235366758e+00
1.687422899999999892e-01 1.848953252632184103e+02 1.062166053732727766e+00
1.702762999999999638e-01 1.864790569057471430e+02 1.059125763721789015e+00
1.718103200000000441e-01 1.859601682532566826e+02 1.047886227331240816e+00
1.733443499999999249e-01 1.872199483295019036e+02 1.048571816205760898e+00
1.748783700000000607e-01 1.856037555333333273e+02 1.045434053508012884e+00
1.764123799999999520e-01 1.852807392042145125e+02 1.032263496850567064e+00
1.779464000000000601e-01 1.821222902494252764e+02 1.026377773735876353e+00
1.794804299999999408e-01 1.785825068647510250e+02 1.020599162107652891e+00
1.810144500000000489e-01 1.737599644720306458e+02 9.985653945501927753e-01
1.825484599999999957e-01 1.686955082593869975e+02 9.779499538359384125e-01
1.840825000000000378e-01 1.643827380463601457e+02 9.616307858877564119e-01
1.856165100000000123e-01 1.596511856394636482e+02 9.489318636406701701e-01
1.871505299999999539e-01 1.541329505590038593e+02 9.236419546105049116e-01
1.886845600000000012e-01 1.482426706892720176e+02 9.086768197540640024e-01
1.902185799999999150e-01 1.429543424191570580e+02 8.840431625194613563e-01
1.917525900000000838e-01 1.382807093888888801e+02 8.677975372486784744e-01
1.932866099999999421e-01 1.308884733992336749e+02 8.497137814369799536e-01
1.948206400000000449e-01 1.253717122747126638e+02 8.216696341052246444e-01
1.963546599999999587e-01 1.182567920900383172e+02 7.925191669984321674e-01
1.978886700000000720e-01 1.112851674091954095e+02 7.660768307721952386e-01
1.994227000000000083e-01 1.052294899666666481e+02 7.498419083239215022e-01
2.009567200000000886e-01 9.989944594789274390e+01 7.206467018105662259e-01
2.024907400000000024e-01 9.254128270000002487e+01 7.047649329945979702e-01
2.040247500000000047e-01 8.735672149693485267e+01 6.999728979503588855e-01
2.055587799999999965e-01 8.156310170766283818e+01 6.725008876409984682e-01
2.070927999999999936e-01 7.522800071800766375e+01 6.503440227752240732e-01
2.086268200000000739e-01 6.953408635938697557e+01 6.290435017956808039e-01
2.101608499999999546e-01 6.388823329655172500e+01 6.044239587213003917e-01
2.116948600000000402e-01 5.912424497701150017e+01 5.916953371773248094e-01
2.132288800000000095e-01 5.418907918007663937e+01 5.674411287680736216e-01
2.147629100000000568e-01 4.981202710727970384e+01 5.485039255224520849e-01
2.162969299999999984e-01 4.471817696321839009e+01 5.249977149648165087e-01
2.178309399999999174e-01 4.062776688467434383e+01 4.988476665658195253e-01
2.193649600000000532e-01 3.682522415287356665e+01 4.757126965021455933e-01
2.208989899999999063e-01 3.311056653908046599e+01 4.560609611218527926e-01
2.224330099999999866e-01 3.010036761264368010e+01 4.437078388058328104e-01
2.239670199999999889e-01 2.768674671111110541e+01 4.297051974858589474e-01
2.255010600000000032e-01 2.501941157547893013e+01 4.122609717750745362e-01
2.270350699999999500e-01 2.226376413333332849e+01 3.893832839304185445e-01
2.285690900000000580e-01 1.995428504904214506e+01 3.674260129947238274e-01
2.301031199999999388e-01 1.910914987356321859e+01 3.608174144297376928e-01
2.316371399999999914e-01 1.714935143639846515e+01 3.472775079983420055e-01
2.331711499999999937e-01 1.590908220574712217e+01 3.382522027867392866e-01
2.347051699999999075e-01 1.496234305517241303e+01 3.277751143349212914e-01
2.362392000000000380e-01 1.376904273946360036e+01 3.163801120728063077e-01
2.377732200000000906e-01 1.280941706436781935e+01 3.104455747402661836e-01
2.393072300000000374e-01 1.260471743639846487e+01 3.041232212810516256e-01
2.408412599999999459e-01 1.225948291302681881e+01 2.980328030366142245e-01
2.423752800000000540e-01 1.214477988965516886e+01 2.986293697479358578e-01
2.439092999999999400e-01 1.250494149348659079e+01 2.975823027457606407e-01
2.454433299999999873e-01 1.263893640574712585e+01 2.982882138001066163e-01
2.469773399999999897e-01 1.242754976130268041e+01 2.965173519634689003e-01
2.485113600000000977e-01 1.327345232567049571e+01 3.006492175035452297e-01
2.500453799999999283e-01 1.332050254865900030e+01 2.981200263839828279e-01
2.515794100000000033e-01 1.380409886015325505e+01 3.026572505841568783e-01
2.531134199999999779e-01 1.436969408467433063e+01 3.044072454375469916e-01
2.546474400000000027e-01 1.546502068352490156e+01 3.097540275823720268e-01
2.561814700000000222e-01 1.620562948390803726e+01 3.121453228050762863e-01
2.577154899999999360e-01 1.684191598275861779e+01 3.147159249898290323e-01
2.592494999999999661e-01 1.732734510114942950e+01 3.169919934598747768e-01
2.607835200000000464e-01 1.771057167701148671e+01 3.191273254391830405e-01
2.623175500000000104e-01 1.770638191609194934e+01 3.195332344983516926e-01
2.638515699999999797e-01 1.847650428275862211e+01 3.235963725982758943e-01
2.653855800000001208e-01 1.954179833754789186e+01 3.282034833549418162e-01
2.669196200000000241e-01 1.990786599272030344e+01 3.291941206942712306e-01
2.684536299999998876e-01 2.095070948888889006e+01 3.350701944231309626e-01
2.699876500000000235e-01 2.113705816896551681e+01 3.344309916683566031e-01
2.715216599999999980e-01 2.155749463793103615e+01 3.343885083257870372e-01
2.730556800000000228e-01 2.191141047049808677e+01 3.344699488178746738e-01
2.745897299999999208e-01 2.266532402567048976e+01 3.366110957551246008e-01
2.761237400000000064e-01 2.255179627777778606e+01 3.324061724811608887e-01
2.776577599999999757e-01 2.302540270153256330e+01 3.376028741351965734e-01
2.791917800000000005e-01 2.295322497969348419e+01 3.354334916737743422e-01
2.807257899999999751e-01 2.304783946934865924e+01 3.336856125535640483e-01
2.822598100000001109e-01 2.283201336091954659e+01 3.318606361973452379e-01
2.837938199999999744e-01 2.295164821839080815e+01 3.313501341769954922e-01
2.853278699999999835e-01 2.297751389157087942e+01 3.285097753579465096e-01
2.868618900000000083e-01 2.254998037509578879e+01 3.265459761332323851e-01
2.883959000000000938e-01 2.219737093678160988e+01 3.264081732052832030e-01
2.899299199999998966e-01 2.270919045440614070e+01 3.281111919840968283e-01
2.914639399999999214e-01 2.262255298122604685e+01 3.245876302575261274e-01
2.929979500000001180e-01 2.249622858390803870e+01 3.207402969815151272e-01
2.945320000000001270e-01 2.194607127088123022e+01 3.180359213521160022e-01
2.960660199999998743e-01 2.109123506053639829e+01 3.139109168603196331e-01
2.976000300000000154e-01 2.056550789348658625e+01 3.093966280940692037e-01
2.991340500000000402e-01 1.969402968160919798e+01 3.062561289965506361e-01
3.006680600000000148e-01 1.917063667164750740e+01 3.024606771418008044e-01
3.022020799999999285e-01 1.919644974980842633e+01 3.012945298499536961e-01
3.037361000000000089e-01 1.840330383371647471e+01 2.977809379769610909e-01
3.052701400000000787e-01 1.805936114750957344e+01 2.930983681813373876e-01
3.068041600000000479e-01 1.744030445785440975e+01 2.885643862846656860e-01
3.083381799999999062e-01 1.667344952490421406e+01 2.831995520691598101e-01
3.098721900000000473e-01 1.566648537088122417e+01 2.771015518294265845e-01
3.114062100000001276e-01 1.516972531609195407e+01 2.761045558553267276e-01
3.129402199999998802e-01 1.459859252681992814e+01 2.713343807832840349e-01
3.144742400000000160e-01 1.432769287356322074e+01 2.675063663848731843e-01
3.160082900000000250e-01 1.357279365478927602e+01 2.617395714536187024e-01
3.175423000000001106e-01 1.269997678582375755e+01 2.566996977748481901e-01
3.190763200000000244e-01 1.245768174865900590e+01 2.537517681892510479e-01
3.206103399999999937e-01 1.189603483678160423e+01 2.507666563878195864e-01
3.221443500000000792e-01 1.140819950881225076e+01 2.483531394667073122e-01
3.236783699999999375e-01 1.065280902643677763e+01 2.429159021175607003e-01
3.252123800000000231e-01 1.015180354789272243e+01 2.387220688510031941e-01
3.267464299999999766e-01 9.604477329118774165e+00 2.340309066540288974e-01
3.282804500000001124e-01 8.740774891187740536e+00 2.274529190624690889e-01
3.298144599999999205e-01 8.221035398850576215e+00 2.237526628468483880e-01
3.313484800000000008e-01 8.033849703448272095e+00 2.206415216866018381e-01
3.328825000000000811e-01 7.763730571264370717e+00 2.181055229079119917e-01
3.344165099999998336e-01 7.373868187739457625e+00 2.155359975591996102e-01
3.359505599999998982e-01 6.727353184291186672e+00 2.112877668181110946e-01
3.374845799999999785e-01 6.472781807471262638e+00 2.082734634917520478e-01
3.390185900000001196e-01 6.081194995977012852e+00 2.042897061296667094e-01
3.405526099999998113e-01 6.064010749616859819e+00 2.028119891533361197e-01
3.420866199999999524e-01 5.645982125095784454e+00 2.002659547860856093e-01
3.436206400000000882e-01 5.626581267816094467e+00 1.988533398418348974e-01
3.451546600000001686e-01 5.308345716475095344e+00 1.949614674672833226e-01
3.466886999999998498e-01 4.827745741954022840e+00 1.919058052788998880e-01
3.482227199999999301e-01 4.771837835632186220e+00 1.929733859594599532e-01
3.497567400000001214e-01 4.832269101532567390e+00 1.931148347682423994e-01
3.512907500000000960e-01 4.926290352107276505e+00 1.910323904898376668e-01
3.528247699999998988e-01 4.582346714942528543e+00 1.877114548334480881e-01
3.543587800000000398e-01 4.322523796168583843e+00 1.863566700279662702e-01
3.558928000000001202e-01 4.429969663984673289e+00 1.857528674221047005e-01
3.574268500000001847e-01 4.294724202490421305e+00 1.832943466855734560e-01
3.589608599999998817e-01 4.082350634674330792e+00 1.845630026342025554e-01
3.604948800000000175e-01 3.713021049233713455e+00 1.812750610515292127e-01
3.620289000000000978e-01 3.755060403831416593e+00 1.797334122434675607e-01
3.635629100000000169e-01 3.743933570881227357e+00 1.817301174659678442e-01
3.650969299999999862e-01 3.863778914367818285e+00 1.810998778952495891e-01
3.666309400000001273e-01 4.258162443295021582e+00 1.831473598805300751e-01
3.681649900000001363e-01 4.246690526053639836e+00 1.836559028206060096e-01
3.696990099999999946e-01 4.268460456130267922e+00 1.822771884482394522e-01
3.712330200000000247e-01 4.435281636590037380e+00 1.825637476738922460e-01
3.727670400000001050e-01 4.431358245977011556e+00 1.817716160954948590e-01
3.743010599999999077e-01 4.547367955172409992e+00 1.821844827106462728e-01
3.758350699999999933e-01 4.686566460153256841e+00 1.830405895990986909e-01
3.773691200000000023e-01 4.629551995210728244e+00 1.831561274452243870e-01
3.789031400000001382e-01 4.713180578160916845e+00 1.823899876680476484e-01
3.804371499999998907e-01 4.486902653448276546e+00 1.800815024618646065e-01
3.819711700000000265e-01 4.732569283333333487e+00 1.821734690733287920e-01
3.835051800000001121e-01 4.805976626436780030e+00 1.817304612411375919e-01
3.850391999999999149e-01 5.015962333908047022e+00 1.829162967344981905e-01
3.865732199999998842e-01 5.102824168965516272e+00 1.837001290355884664e-01
3.881072600000000095e-01 5.074305699425288196e+00 1.824723875280923890e-01
3.896412800000000898e-01 4.832991455555553095e+00 1.823558802499156972e-01
3.911752999999997815e-01 4.774817364367815564e+00 1.800629291534858178e-01
3.927093099999999226e-01 5.112459449042148663e+00 1.812555887828036505e-01
3.942433300000001140e-01 5.190202351341000053e+00 1.818019259484153494e-01
3.957773400000001440e-01 5.147172449233716307e+00 1.811273216952834497e-01
3.973113599999998913e-01 5.259870924712643614e+00 1.816530478030831952e-01
3.988454099999999003e-01 5.130602476628355113e+00 1.801424970487263966e-01
4.003794200000000969e-01 5.189851645210726616e+00 1.803328494141335503e-01
4.019134400000001772e-01 5.058678112835249152e+00 1.806056332308443590e-01
4.034474599999998135e-01 5.357855581800766487e+00 1.816810034888493020e-01
4.049814700000000101e-01 5.477924670114942884e+00 1.812017539901543406e-01
4.065154900000000904e-01 5.297508736781608718e+00 1.805909883873380861e-01
4.080495000000000094e-01 5.294596174137933708e+00 1.803168170333111497e-01
4.095835499999999074e-01 5.103034418007661444e+00 1.787653603878343045e-01
4.111175699999999877e-01 5.061643379310344137e+00 1.761075630362330946e-01
4.126515800000000733e-01 5.204928215517242052e+00 1.780468532757676081e-01
4.141855999999998761e-01 5.336099767624521206e+00 1.775661748486609126e-01
4.157196200000000119e-01 5.133152371072796427e+00 1.769675545633598579e-01
4.172536299999999865e-01 4.800805391187740412e+00 1.740560285162023046e-01
4.187876800000001065e-01 5.011420116091956700e+00 1.744927939806325823e-01
4.203216999999999093e-01 4.815702703065133150e+00 1.739017220612646131e-01
4.218557099999999949e-01 4.432041233141763570e+00 1.718224567392638014e-01
4.233897300000001862e-01 4.437250038314174638e+00 1.728529847800998054e-01
4.249237399999998832e-01 4.485475426819922617e+00 1.744719493593554771e-01
4.264577600000000190e-01 4.566718357471263090e+00 1.736450904170332987e-01
4.279917800000000994e-01 4.468109336973179246e+00 1.723361050951552620e-01
4.295258200000001136e-01 4.065069069348658637e+00 1.711103529572133020e-01
4.310598399999999164e-01 4.267158282950189729e+00 1.724544855084745032e-01
4.325938599999999967e-01 3.920152862835251550e+00 1.710312009138155176e-01
4.341278700000001378e-01 3.891186718582378301e+00 1.696396280360568387e-01
4.356618900000001626e-01 3.311520492528736703e+00 1.679448000173725808e-01
4.371958999999999151e-01 3.301243082758622549e+00 1.686918570442223209e-01
4.387299200000001065e-01 3.418846596551725625e+00 1.694735382906335519e-01
4.402639700000001155e-01 3.195064238697319148e+00 1.675578501123913266e-01
4.417979799999998125e-01 3.018681930651339940e+00 1.645501202008672614e-01
4.433319999999998928e-01 2.979494959195399417e+00 1.654417222985330171e-01
4.448660199999999731e-01 2.974868959961688653e+00 1.652087591592056037e-01
4.464000300000001697e-01 2.828508140804595783e+00 1.621664383294035006e-01
4.479340499999999170e-01 2.646930831034482345e+00 1.628680350238908836e-01
4.494680999999999260e-01 2.425193510536399089e+00 1.610033313587867221e-01
4.510021100000000116e-01 2.908481639846743239e+00 1.596304295604253076e-01
4.525361300000002029e-01 2.516106232567050682e+00 1.587490417699522760e-01
4.540701399999998999e-01 2.407922020306513478e+00 1.566714298954575146e-01
4.556041599999999248e-01 2.288628235057469595e+00 1.551526642911399134e-01
4.571381800000001161e-01 2.033656531609195461e+00 1.539425700182186219e-01
4.586721899999999241e-01 2.022359041762452847e+00 1.534302245513438911e-01
4.602062399999998776e-01 2.156245279501916023e+00 1.526949517044578486e-01
4.617402600000000135e-01 1.873733081800768030e+00 1.500177981267047378e-01
4.632742700000000990e-01 1.992007901149424498e+00 1.496282001795123107e-01
4.648082899999999018e-01 1.831066057088123644e+00 1.491824325184762379e-01
4.663422999999999874e-01 1.667326629885058198e+00 1.471774501995644080e-01
4.678763200000001232e-01 1.629023715900382641e+00 1.464076487953980543e-01
4.694103399999998150e-01 1.479733611877393606e+00 1.456080801030018856e-01
4.709443799999999958e-01 1.385999437739462437e+00 1.450938538021066815e-01
4.724784000000000761e-01 1.369752002490420395e+00 1.443093052217742367e-01
4.740124200000001009e-01 1.625595923371648155e+00 1.455292914547827166e-01
4.755464299999999089e-01 1.465694010536400249e+00 1.441494711999916634e-01
4.770804499999999893e-01 1.186553607854405001e+00 1.409261707616601966e-01
4.786144600000000748e-01 1.651342091187739669e+00 1.430829211494047404e-01
4.801484800000002107e-01 1.498652406896550993e+00 1.427992717478959450e-01
4.816825299999998866e-01 1.418350986398466240e+00 1.422680927094717440e-01
4.832165400000000277e-01 1.624432269540230900e+00 1.424853531603843815e-01
4.847505600000001080e-01 1.517267431034484249e+00 1.415896363605469999e-01
4.862845800000000773e-01 1.540376796168581031e+00 1.429216303207118399e-01
4.878185899999999964e-01 1.615392790038313819e+00 1.415457527049856223e-01
4.893526100000000212e-01 1.601420724137930796e+00 1.411102314550457815e-01
4.908866599999999747e-01 1.736272379693486689e+00 1.412184281481772552e-01
4.924206699999997827e-01 1.706046310344829564e+00 1.421509687128985899e-01
4.939546899999999185e-01 1.739547341954024162e+00 1.423504754655132432e-01
4.954886999999999486e-01 1.456959008812261702e+00 1.405226392064400365e-01
4.970227200000001955e-01 1.704540951149423833e+00 1.410798727155162802e-01
4.985567399999999982e-01 1.526165107471265436e+00 1.394933432624380909e-01
5.000907500000000283e-01 1.773710968773946739e+00 1.401586316608230687e-01
5.016247999999999818e-01 1.821061973563217640e+00 1.406076391710695261e-01
5.031588200000000066e-01 1.841329931226052041e+00 1.427133698129132711e-01
5.046928299999998702e-01 1.730171878927203366e+00 1.413929734238503211e-01
5.062268500000001170e-01 1.849062865517238308e+00 1.408200512552561234e-01
5.077608599999999806e-01 1.650047227969348995e+00 1.407829887569855276e-01
5.092948800000000054e-01 1.851924671072797679e+00 1.409913934362273247e-01
5.108289000000000302e-01 1.807273897701150878e+00 1.406863182455750927e-01
5.123629399999999334e-01 1.814411604214559270e+00 1.404803292065152365e-01
5.138969600000000693e-01 1.775747458812260815e+00 1.390888108314230209e-01
5.154309799999998720e-01 1.731521870881223890e+00 1.389256507793230622e-01
5.169649899999999576e-01 1.809015528927203187e+00 1.394814550019112809e-01
5.184990099999999824e-01 1.979240434291188899e+00 1.397516519512249367e-01
5.200330199999998460e-01 1.869814787931034283e+00 1.401286999037604231e-01
5.215670400000000928e-01 1.651644364367815143e+00 1.378786408580968681e-01
5.231010900000001573e-01 1.926647092911878412e+00 1.380372160245300628e-01
5.246351000000000209e-01 2.025438731800766945e+00 1.391631207571636941e-01
5.261691200000002677e-01 2.160641053065134543e+00 1.413287399908319530e-01
5.277031399999999595e-01 2.142137853256703472e+00 1.416147384714025181e-01
5.292371500000000450e-01 2.084221886206893970e+00 1.411149922807186374e-01
5.307711699999997368e-01 1.949566186973182402e+00 1.402228899582439459e-01
5.323052199999998013e-01 1.935923825478925941e+00 1.409427676425001608e-01
5.338392299999999979e-01 1.822559071264368891e+00 1.411388823673556114e-01
5.353732499999999117e-01 1.895447424712644047e+00 1.410974662874521224e-01
5.369072599999997752e-01 1.940291429118774502e+00 1.405904201449125757e-01
5.384412800000000221e-01 1.612059166666666599e+00 1.393207667926534832e-01
5.399753000000000469e-01 1.702993439846742341e+00 1.418771919018968208e-01
5.415093100000001325e-01 1.768168542720304437e+00 1.404646653513777488e-01
5.430433299999999353e-01 1.630899078927203760e+00 1.400250766164193028e-01
5.445773400000000208e-01 1.568150942337166898e+00 1.395065673430881392e-01
5.461113600000000456e-01 1.577260461302682160e+00 1.395672693557800104e-01
5.476454400000000389e-01 1.386735893486592985e+00 1.397305293609661381e-01
5.491794599999997306e-01 1.689387100191570568e+00 1.401790348476662229e-01
5.507134699999999272e-01 1.608660507088124136e+00 1.393595603866076560e-01
5.522474899999998410e-01 1.472361856896553300e+00 1.376851970015730564e-01
5.537814999999997045e-01 1.527873735057471372e+00 1.372035502866952583e-01
5.553155199999999514e-01 1.570442502873564017e+00 1.370251015775462156e-01
5.568495399999999762e-01 1.444577400766281272e+00 1.350278961943827127e-01
5.583835500000000618e-01 1.431002396360153028e+00 1.348097315866328139e-01
5.599175699999998645e-01 1.643237457279694169e+00 1.356317443493502972e-01
5.614515799999999501e-01 1.264702172413793235e+00 1.323074144708044630e-01
5.629855999999999749e-01 1.049906390038312765e+00 1.314071220385396865e-01
5.645196200000002218e-01 1.121231729501915630e+00 1.314908474764290569e-01
5.660536300000000853e-01 1.051447326436780294e+00 1.302192999127237405e-01
5.675876499999999991e-01 9.161502021072803759e-01 1.297783772810778558e-01
5.691217299999998813e-01 1.189313241954023104e+00 1.311334262787760552e-01
5.706557399999999669e-01 1.119199195019157100e+00 1.306378751546761197e-01
5.721897600000001027e-01 9.174528513409959674e-01 1.279970509896923014e-01
5.737237800000000165e-01 8.817444132183904770e-01 1.281288573309991297e-01
5.752577900000001021e-01 8.611533475095800583e-01 1.285844179912785934e-01
5.767918099999997938e-01 1.018186192911878507e+00 1.270216064334101502e-01
5.783258199999999905e-01 6.666442651340975800e-01 1.273970263287918236e-01
5.798598399999997932e-01 7.591416578544052385e-01 1.267534410311905446e-01
5.813938600000001511e-01 7.319532017241376920e-01 1.259225555138457908e-01
5.829278700000001256e-01 6.745574252873547394e-01 1.249722605481603938e-01
5.844618900000000394e-01 6.395256814176244475e-01 1.242062470511245270e-01
5.859959000000001250e-01 5.774326396551732188e-01 1.240979515469318728e-01
5.875299199999999278e-01 7.825591214559377562e-01 1.246828842746595528e-01
5.890640000000002541e-01 8.287185461685835364e-01 1.250507050653005270e-01
5.905980199999999458e-01 8.150960400383135962e-01 1.244208204905676435e-01
5.921320300000000314e-01 1.016454026245210862e+00 1.242710784181431938e-01
5.936660499999997231e-01 8.433564662835246750e-01 1.243325725066160292e-01
5.952000599999999197e-01 5.910500965517231364e-01 1.227992817768390477e-01
5.967340799999997225e-01 6.705896519157086288e-01 1.238364670082269525e-01
5.982681000000000804e-01 6.974783128352468609e-01 1.231077952884455234e-01
5.998021100000001660e-01 5.766326593869726125e-01 1.217034798832459797e-01
6.013361299999999687e-01 7.631504178160932739e-01 1.228126874057774015e-01
6.028701400000001653e-01 9.484222547892712241e-01 1.233463872298550812e-01
6.044041599999998571e-01 9.662281626436808324e-01 1.233205433868620471e-01
6.059381800000002150e-01 6.698308331417628381e-01 1.229054219360287553e-01
6.074721899999998564e-01 6.407363754789265897e-01 1.234424974066602038e-01
6.090062100000002143e-01 7.690530812260538696e-01 1.220554339632033275e-01
6.105402899999998745e-01 6.738223204980844372e-01 1.213092869673716434e-01
6.120743000000000711e-01 6.508160055555558543e-01 1.213324663608230242e-01
6.136083200000000959e-01 6.891415783524923455e-01 1.222089112553173817e-01
6.151423400000001207e-01 9.066849517241379885e-01 1.219969015080891450e-01
6.166763500000000953e-01 9.405393026819943714e-01 1.215901314300546487e-01
6.182103700000000090e-01 8.127728107279699188e-01 1.209422623914424011e-01
6.197443800000000946e-01 6.240070132183914708e-01 1.205896818335451537e-01
6.212783999999997864e-01 8.182273114942564263e-01 1.204186897763825509e-01
6.228124200000001442e-01 8.604693593869736645e-01 1.199804209031539448e-01
6.243464299999997857e-01 8.931976530651333235e-01 1.204555200690305972e-01
6.258804500000001436e-01 9.236579986590028879e-01 1.198368532381108437e-01
6.274144600000001182e-01 6.991622247126443312e-01 1.190517690710754944e-01
6.289484800000000320e-01 8.099840000000018136e-01 1.190599044994960498e-01
6.304825600000002472e-01 8.159881988505749417e-01 1.183822249786175979e-01
6.320165800000000500e-01 8.560551898467432252e-01 1.197724478341098686e-01
6.335505900000002466e-01 9.587987256704976202e-01 1.192083150648401563e-01
6.350846099999999383e-01 8.700380950191561880e-01 1.184490635949769499e-01
6.366186200000000239e-01 9.280336045977007897e-01 1.196020799964244569e-01
6.381526399999999377e-01 7.951932900383145153e-01 1.198761655651607028e-01
6.396866600000000735e-01 9.143431965517248017e-01 1.195527411983253463e-01
6.412206699999997150e-01 1.010032905938697212e+00 1.197890449828974552e-01
6.427546900000000729e-01 7.732898750957888367e-01 1.194501846666761458e-01
6.442886999999999365e-01 7.100715377394637429e-01 1.179007336640250231e-01
6.458227199999999613e-01 9.774499800766296431e-01 1.193450350048246705e-01
6.473567399999998750e-01 1.062614632567051132e+00 1.195004850740096491e-01
6.488907499999998496e-01 9.926448304597705885e-01 1.184593904367303996e-01
6.504247700000002075e-01 9.958483488505756043e-01 1.168586858951859292e-01
6.519588499999998676e-01 9.101241187739468330e-01 1.168101166698991000e-01
6.534928599999999532e-01 9.214297448275852176e-01 1.173183014592003443e-01
6.550268799999998670e-01 8.777034256704974169e-01 1.176084167752086684e-01
6.565609000000001139e-01 8.258096662835239243e-01 1.166211656222736759e-01
6.580949099999996443e-01 9.980856954022979677e-01 1.160585311569871242e-01
6.596289300000001132e-01 9.471300170498073712e-01 1.167176041274698706e-01
6.611629400000000878e-01 9.138911678160929197e-01 1.167350049139638524e-01
6.626969600000000016e-01 8.246032645593865951e-01 1.159081344555210474e-01
6.642309799999998043e-01 5.119885141762452463e-01 1.149843035555955795e-01
6.657649899999997789e-01 5.644091578544063736e-01 1.145368979325941949e-01
6.672990100000002478e-01 7.916757720306533130e-01 1.152170644504602742e-01
6.688330199999996672e-01 8.039037659003831493e-01 1.154665964457936705e-01
6.703670400000002472e-01 8.336453605363995933e-01 1.149855822665402788e-01
6.719011199999997963e-01 8.802328005747126483e-01 1.143831167494824552e-01
6.734351400000002652e-01 6.012983760536396716e-01 1.132381183666349295e-01
6.749691500000003508e-01 5.340890293103432995e-01 1.136645482428872006e-01
6.765031700000000425e-01 5.771886810344826202e-01 1.142227200580737539e-01
6.780371800000002391e-01 6.279491350574720743e-01 1.144419518853273254e-01
6.795711999999999309e-01 6.426932114942500718e-01 1.132160336536008477e-01
6.811052199999996226e-01 6.677036591954035316e-01 1.136123316050042520e-01
6.826392299999999302e-01 7.805386392720299327e-01 1.137057126321444761e-01
6.841732500000001771e-01 6.470742243295015683e-01 1.120514497995916958e-01
6.857072600000003737e-01 5.061451147509572479e-01 1.115726379208428765e-01
6.872412800000001765e-01 5.684574772030641654e-01 1.112431094938465259e-01
6.887752999999998682e-01 5.679900074712636027e-01 1.117133763532276725e-01
6.903093099999999538e-01 4.403126668582357794e-01 1.109148350678991618e-01
6.918433299999997566e-01 5.756064088122618827e-01 1.118939183282723210e-01
6.933774099999999718e-01 5.902262714559380896e-01 1.107240282159956402e-01
6.949114200000001684e-01 6.287204057471242891e-01 1.118676177978182029e-01
6.964454399999998602e-01 5.028473576628353925e-01 1.126412773940936446e-01
6.979794599999996629e-01 3.022868593869718623e-01 1.106120674635819312e-01
6.995134699999998595e-01 3.345857210727993802e-01 1.107068245376675586e-01
7.010474900000001064e-01 5.577279613026835392e-01 1.101253812653362613e-01
7.025815000000003030e-01 4.704981668582374765e-01 1.111293960812087950e-01
7.041155200000001058e-01 3.057007074712644878e-01 1.099944122250844231e-01
7.056495399999997975e-01 5.252511191570876647e-01 1.095176510624657207e-01
7.071835499999999941e-01 6.509704848658985910e-01 1.096479882008151302e-01
7.087175699999996858e-01 4.726684706896548960e-01 1.089554544037261985e-01
7.102515799999997714e-01 3.509081178160924352e-01 1.083295337940936021e-01
7.117856000000002403e-01 3.314194176245219836e-01 1.094367502852916368e-01
7.133196799999997895e-01 2.813367264367788168e-01 1.102443593369411695e-01
7.148536999999995922e-01 3.210433940613031112e-01 1.107325911417960385e-01
7.163877099999997888e-01 4.898840120689644806e-01 1.104214253673136414e-01
7.179217300000002577e-01 4.610866781609201936e-01 1.104686567526066004e-01
7.194557400000003433e-01 4.772415660919548941e-01 1.106936048157762809e-01
7.209897600000000351e-01 3.624776283524901999e-01 1.105157458795106296e-01
7.225237799999997268e-01 4.425427134099600424e-01 1.109710355394737669e-01
7.240577899999999234e-01 4.351763911877402080e-01 1.112536915747367600e-01
7.255918099999996151e-01 5.174149883141758721e-01 1.124209027470131628e-01
7.271258199999999228e-01 4.500902019157084766e-01 1.118477685700986768e-01
7.286598400000001696e-01 6.867827358237548196e-01 1.121169549318462577e-01
7.301938599999999724e-01 5.870081063218393069e-01 1.112337920046719275e-01
7.317278700000001690e-01 5.333058816091948984e-01 1.115549423175877380e-01
7.332618899999997497e-01 5.153055498084286867e-01 1.120828828742477801e-01
7.347959700000001870e-01 3.518708900383141214e-01 1.113876242888625773e-01
7.363299800000002726e-01 4.561103118773939258e-01 1.113544665450980631e-01
7.378640000000000754e-01 3.355837804597703311e-01 1.117537945005389055e-01
7.393980199999998781e-01 2.404917404214570453e-01 1.105256413874103616e-01
7.409320299999998527e-01 3.661188220306508256e-01 1.109951544011219954e-01
7.424660500000003216e-01 4.241235873563224956e-01 1.115524062961125301e-01
7.440000599999998521e-01 4.822294113026818763e-01 1.117863379100081656e-01
7.455340800000000989e-01 3.475629323754789723e-01 1.124390607074016030e-01
7.470681000000000127e-01 5.518873061302675964e-01 1.132356918983000449e-01
7.486021100000000983e-01 4.754717657088133875e-01 1.128636718537237293e-01
7.501361299999997900e-01 4.008140344827575974e-01 1.131642896508919527e-01
7.516701399999999866e-01 3.863058017241360886e-01 1.134066484543883452e-01
7.532041599999996784e-01 5.701066618773937833e-01 1.146601349681718035e-01
7.547382400000000047e-01 5.747315061302682437e-01 1.149082690405470314e-01
7.562722599999998074e-01 6.498448266283523012e-01 1.151560689653886027e-01
7.578062699999997820e-01 7.216781609195397351e-01 1.163676262882294699e-01
7.593402900000003619e-01 5.550926611111091091e-01 1.161445492497909238e-01
7.608742999999997814e-01 4.477549233716481281e-01 1.150114181728988244e-01
7.624083200000002503e-01 6.129528109195403474e-01 1.155293912226134784e-01
7.639423399999999420e-01 4.344989917624539899e-01 1.155763420190645541e-01
7.654763500000000276e-01 3.895829208812244815e-01 1.152751646214888737e-01
7.670103699999999414e-01 4.260105542145585233e-01 1.163794858478798544e-01
7.685443799999999159e-01 4.519567973180071974e-01 1.165186140985109697e-01
7.700783999999997187e-01 3.583583806513396808e-01 1.158995285047316748e-01
7.716124200000001876e-01 4.110120653256696954e-01 1.170244458631328754e-01
7.731464300000001622e-01 5.736889363984687407e-01 1.178884465479370508e-01
7.746804499999999649e-01 4.866138074712642037e-01 1.171493030927138468e-01
7.762145300000002912e-01 3.368761038314174172e-01 1.174210032867900461e-01
7.777485399999997107e-01 5.211669683908048967e-01 1.180556695734035488e-01
7.792825600000001796e-01 5.005634637931040132e-01 1.180041895364691978e-01
7.808165799999998713e-01 4.643392189655167202e-01 1.183634440390338993e-01
7.823505899999999569e-01 3.840336139846733943e-01 1.173673804568359513e-01
7.838846099999998707e-01 4.987649779693485996e-01 1.179350365084334967e-01
7.854186199999998452e-01 3.816681959770119037e-01 1.173394335309884962e-01
7.869526399999996480e-01 2.873357683908048799e-01 1.172935051272041562e-01
7.884866600000001169e-01 4.949530781609202124e-01 1.184236813949818001e-01
7.900206700000000914e-01 5.405391787356323974e-01 1.193405333805261509e-01
7.915546900000000052e-01 4.211913955938690890e-01 1.186183650912945309e-01
7.930887000000000908e-01 3.997248913793089442e-01 1.188591872751617456e-01
7.946227199999997826e-01 3.775122429118785150e-01 1.203220001322004434e-01
7.961568000000002199e-01 3.906012114942534197e-01 1.222269483535183693e-01
7.976908199999998006e-01 2.116804413793093864e-01 1.221476705557839049e-01
7.992248299999999972e-01 4.712522339080447153e-01 1.235158465387545257e-01
8.007588499999998000e-01 4.155375977011503963e-01 1.232646948901462008e-01
8.022928599999997745e-01 3.222892114942519370e-01 1.231290080903648804e-01
8.038268800000003544e-01 2.306170570881204973e-01 1.237041970111444067e-01
8.053609000000000462e-01 4.005793252873566246e-01 1.249586435793636763e-01
8.068949100000003538e-01 2.942629434865908777e-01 1.243973056909004477e-01
8.084289299999999345e-01 2.938863187739464422e-01 1.252989914029490059e-01
8.099629400000000201e-01 4.070448383141762605e-01 1.252432561595937799e-01
8.114969599999999339e-01 3.856382649425276199e-01 1.254097887620707619e-01
8.130309800000001808e-01 4.131083996168571915e-01 1.251120778260869093e-01
8.145649900000003774e-01 3.616552327586211035e-01 1.265870813890135060e-01
8.160990100000001801e-01 2.887264400383128815e-01 1.258218621610565913e-01
8.176330899999997293e-01 3.773272877394636127e-01 1.264760026387361791e-01
8.191670999999997038e-01 2.906309402298843381e-01 1.285318098030565348e-01
8.207011200000002837e-01 1.193441812260536000e-01 1.281115281103038517e-01
8.222351399999999755e-01 2.089668406130273937e-01 1.263583337648611082e-01
8.237691500000002831e-01 1.327102319923367801e-01 1.260309991431221299e-01
8.253031699999998638e-01 2.968245701149436755e-01 1.280865869122677914e-01
8.268371799999999494e-01 2.523446122605346176e-01 1.281214799288684925e-01
8.283711999999998632e-01 3.722582737547899256e-01 1.284196363283853781e-01
8.299052200000001100e-01 3.743012113026820131e-01 1.294647233231879524e-01
8.314392300000003067e-01 2.673847703065116987e-01 1.289027057169429280e-01
8.329732500000001094e-01 2.639985840996175170e-01 1.276245602037859306e-01
8.345072600000000840e-01 2.108215921455922626e-01 1.278946961956121398e-01
8.360412799999999978e-01 2.901860931034497271e-01 1.296364463689414492e-01
8.375753600000002130e-01 3.688028703065127090e-01 1.302390093279563177e-01
8.391093800000000158e-01 4.558506869731813183e-01 1.306023672409528935e-01
8.406433900000002124e-01 3.717588450191585125e-01 1.316053955668866626e-01
8.421774099999997931e-01 1.120569946360143593e-01 1.295596336230792067e-01
8.437114199999999897e-01 2.636757894636020949e-01 1.313009236633167487e-01
8.452454399999997925e-01 3.635343005747130873e-01 1.320527555340790526e-01
8.467794600000003724e-01 5.339266588122617563e-01 1.328952249529150587e-01
8.483134700000003470e-01 3.579551281609161251e-01 1.329471164528225613e-01
8.498474900000000387e-01 2.460708344827571559e-01 1.328604794018091451e-01
8.513815000000003463e-01 2.464364254789276898e-01 1.339606442145643839e-01
8.529155199999999271e-01 3.338787789272013029e-01 1.350906886200559376e-01
8.544495399999996188e-01 2.806548300766281145e-01 1.366541936101834387e-01
8.559835499999999264e-01 3.306556570881218349e-01 1.386155088196917573e-01
8.575176300000001417e-01 1.858628494252884678e-01 1.379425829533592607e-01
8.590516499999997224e-01 1.740434925287344115e-01 1.390299215272538247e-01
8.605856600000000300e-01 3.232124459770115976e-01 1.410382036300925901e-01
8.621196799999997218e-01 3.686879199233699111e-01 1.428538127516723599e-01
8.636537000000003017e-01 5.031948178160918772e-01 1.451230267619813830e-01
8.651877100000002763e-01 5.462742465517242962e-01 1.440431075556163898e-01
8.667217299999999680e-01 4.028311247126445949e-01 1.465953970255752803e-01
8.682557400000002756e-01 4.890316605364005142e-01 1.468671545170896764e-01
8.697897599999998564e-01 4.595056915708815026e-01 1.484218143278353830e-01
8.713237800000003253e-01 5.848251599616851593e-01 1.480187264450811835e-01
8.728577899999998557e-01 4.185596913793113161e-01 1.488086890742529034e-01
8.743918100000001026e-01 4.067434959770119818e-01 1.508318057065860807e-01
8.759258199999996330e-01 4.516317141762460907e-01 1.520985261389955490e-01
8.774598400000001019e-01 5.014853624521071751e-01 1.522139992451646828e-01
8.789939199999996511e-01 4.367806212643676744e-01 1.528852774658533975e-01
8.805279400000002310e-01 3.024261607279700725e-01 1.531786074421396249e-01
8.820619500000002056e-01 3.749798413793108964e-01 1.542595781465093407e-01
8.835959700000000083e-01 5.204624614942527927e-01 1.546474311189535156e-01
8.851299800000002049e-01 4.464382739463594874e-01 1.563873835181130989e-01
8.866639999999997857e-01 4.734790706896535029e-01 1.564698221256936583e-01
8.881980200000003656e-01 3.195835477011508274e-01 1.556886302953361390e-01
8.897320299999997850e-01 2.781689379310340882e-01 1.574253755519947062e-01
8.912660500000002539e-01 3.482975651340947110e-02 1.563415447787986634e-01
8.928000600000003395e-01 5.085744195402331497e-02 1.576212310472770439e-01
8.943340799999999202e-01 2.202965492337174425e-01 1.600806316315790956e-01
8.958681000000000560e-01 2.138635325670490417e-01 1.591353878651491083e-01
8.974021100000000306e-01 2.084970578544060871e-01 1.597489976092823782e-01
8.989361900000001349e-01 1.892790356321842893e-01 1.582257421649502505e-01
9.004702100000001597e-01 1.468821101532578055e-01 1.598060698245099276e-01
9.020042200000000232e-01 2.228552180076617262e-01 1.619405003991933600e-01
9.035382399999998260e-01 3.006698055555547811e-01 1.632628206065064869e-01
9.050722600000004059e-01 2.929100473180081821e-01 1.636444040015362367e-01
9.066062699999996033e-01 3.088463499999996031e-01 1.642377539706198764e-01
9.081402900000001832e-01 2.332561459770116918e-01 1.634926148534263379e-01
9.096743000000003798e-01 2.705868783524909560e-01 1.656991097799376533e-01
9.112083199999998495e-01 4.456321260536383888e-01 1.693791361918759453e-01
9.127423399999999853e-01 2.369190088122605509e-01 1.692783378875380718e-01
9.142763499999999599e-01 1.872930659003833043e-01 1.667333544477034579e-01
9.158103699999996516e-01 3.932781038314185906e-01 1.686006026960142623e-01
9.173443799999998483e-01 2.938328241379304373e-01 1.698108814952032086e-01
9.188783999999999841e-01 1.002946204980839223e-01 1.716750448674832785e-01
9.204124799999997553e-01 6.147391226053500884e-02 1.692771534285322232e-01
9.219465000000002242e-01 2.722784164750970959e-01 1.720663362948464115e-01
9.234805099999996436e-01 3.043038266283524251e-01 1.734789342223541087e-01
9.250145300000000015e-01 4.825549980842919751e-01 1.758643076579891884e-01
9.265485400000001981e-01 2.061120693486593325e-01 1.783929960926913250e-01
9.280825600000000009e-01 5.450740172413671286e-02 1.789380005238341564e-01
9.296165799999998036e-01 1.418752068965511981e-01 1.781391659394493121e-01
9.311505900000000002e-01 4.670489890804586097e-01 1.791842971029672937e-01
9.326846100000003581e-01 2.396688664750943609e-01 1.794337104034905983e-01
9.342186199999997775e-01 2.849951275862085964e-01 1.818330084275340819e-01
9.357526400000002464e-01 2.469842881226052000e-01 1.831334550421554741e-01
9.372866600000000492e-01 1.516335467432954609e-01 1.816352448140088616e-01
9.388206700000000238e-01 5.460469664750959851e-01 1.861871610557322976e-01
9.403547500000003501e-01 3.309545521072791985e-01 1.840210640528419650e-01
9.418887700000000418e-01 2.685194176245175868e-02 1.814891755153927033e-01
9.434227800000000164e-01 3.884222796934988509e-02 1.862953303611524780e-01
9.449568000000001522e-01 2.257973346743309129e-01 1.885870175295589757e-01
9.464908199999998439e-01 3.110006116858273217e-01 1.872027432520664003e-01
9.480248299999998185e-01 2.882590419540216331e-01 1.895237319537295961e-01
9.495588500000001764e-01 3.407669434865888136e-01 1.956286860731525357e-01
9.510928599999995958e-01 6.006977124521073463e-01 1.985769832907235410e-01
9.526268800000001757e-01 1.933899978927202667e-01 1.928488764961207025e-01
9.541609000000000895e-01 -4.976476781609128625e-02 1.931675167591010434e-01
9.556949099999998420e-01 1.262221340996170227e-01 1.949207399747578673e-01
9.572289299999999779e-01 -2.185332436781619869e-01 1.962662942302404734e-01
9.587629399999999524e-01 -6.549533754789305107e-02 1.963499369212866608e-01
9.602969600000004213e-01 1.471064946360147452e-01 1.960240640675125212e-01
9.618310399999999705e-01 1.872757921455932006e-01 1.967897756384922869e-01
9.633650599999997732e-01 5.106386501915727294e-01 1.991347605630028883e-01
9.648990699999996368e-01 2.714148021072793071e-01 2.018362295513453086e-01
9.664330899999999946e-01 1.147210821839070721e-01 2.039954305791206457e-01
9.679670999999996361e-01 2.012921586206868618e-01 2.026647607285687880e-01
9.695011199999999940e-01 2.831117722222228905e-01 2.044430925407415556e-01
9.710351400000000188e-01 -1.056820457854401596e-01 2.055714888431326715e-01
9.725691499999997713e-01 3.662252335249033264e-01 2.098330203785193637e-01
9.741031699999997961e-01 3.091596536398473205e-01 2.110540619423687536e-01
9.756371799999999928e-01 2.872592990421428127e-01 2.115303369030337444e-01
9.771712000000003506e-01 1.786060789272028160e-01 2.104885440601726443e-01
9.787052200000000424e-01 2.721071001915706944e-01 2.139926257342449900e-01
9.802392300000002390e-01 -5.938603965517152278e-02 2.140151286406985487e-01
9.817733100000000102e-01 -1.691585153256536245e-02 2.145889161021239389e-01
9.833073300000000350e-01 2.074772863984675197e-01 2.164236730778839601e-01
9.848413399999995654e-01 1.542643544061279570e-01 2.198094165660023913e-01
9.863753600000000343e-01 -3.358544885057401785e-02 2.208435817598569384e-01
9.879093799999998371e-01 2.894121915708769421e-02 2.206742328045017132e-01
9.894433900000000337e-01 1.564084538314167439e-01 2.217117455563220041e-01
9.909774099999996144e-01 4.029498637931014926e-01 2.297358620934841500e-01
9.925114199999998110e-01 1.854101773946350562e-01 2.292142611812325870e-01
9.940454400000003909e-01 1.799687668582370392e-01 2.289799400284913411e-01
9.955794599999999717e-01 9.256274137930731172e-03 2.270171137407927531e-01
9.971134700000001683e-01 1.664629425287422748e-02 2.298074804386484871e-01
9.986474899999999710e-01 5.883757134099605324e-01 2.381745854725841605e-01
1.000181500000000057e+00 2.817252229885064962e-01 2.397890911772649625e-01
1.001715499999999759e+00 2.193389176245297278e-02 2.368902229571339113e-01
1.003249599999999964e+00 -5.309638237547797956e-02 2.411252376886642568e-01
1.004783600000000110e+00 3.692299724137937389e-01 2.445818909985774114e-01
1.006317599999999590e+00 3.188766300766276984e-01 2.447654904114255625e-01
1.007851599999999959e+00 6.399888275862151976e-02 2.479731794922364896e-01
1.009385699999999497e+00 1.284426394636017932e-01 2.523148709923662136e-01
1.010919700000000088e+00 7.273721287356318399e-01 2.572636751860529203e-01
1.012453700000000234e+00 2.017867565134086050e-01 2.545625361523750074e-01
1.013987699999999936e+00 -1.575169865900383215e-01 2.505869192197826001e-01
1.015521700000000305e+00 4.371169473180068210e-01 2.566374376933854839e-01
1.017055699999999785e+00 3.347591455938694338e-01 2.603762818702778925e-01
1.018589800000000434e+00 4.036345879310347939e-01 2.602638301472667837e-01
1.020123799999999914e+00 2.645989310344721082e-02 2.651750365023242129e-01
1.021657800000000060e+00 5.391183934865901861e-01 2.708867110052471938e-01
1.023191900000000487e+00 1.848464737547903525e-01 2.753072132633446745e-01
1.024725899999999967e+00 3.866371996168584957e-01 2.792594327378612462e-01
1.026259900000000114e+00 3.668608931034472165e-01 2.833003437746309250e-01
1.027793900000000038e+00 3.719794986590044261e-01 2.828241998787039413e-01
1.029327899999999518e+00 3.924186293103436030e-01 2.878158314615512081e-01
1.030862000000000167e+00 2.831957986590039056e-01 2.871542438470213177e-01
1.032396000000000091e+00 2.715333821839092110e-01 2.908139267963610330e-01
1.033930000000000238e+00 5.726919521072737496e-02 2.955308620116978147e-01
1.035463999999999940e+00 3.359925890804600357e-01 2.945918955419112306e-01
1.036997999999999864e+00 2.488292749042146923e-01 2.975920564460486917e-01
1.038532000000000011e+00 3.884130875478941647e-01 3.088468578388444130e-01
1.040065999999999491e+00 6.009246936781602599e-01 3.089549951764812841e-01
1.041600099999999918e+00 3.565473942528729623e-01 3.076575865856813197e-01
1.043134099999999842e+00 -1.436333247126428958e-01 3.127041754256019712e-01
1.044668199999999825e+00 6.420926015325711944e-02 3.182044116858603333e-01
1.046202199999999971e+00 -3.452072662835358602e-02 3.134961867663059176e-01
1.047736199999999673e+00 4.619829501915706516e-02 3.162621764389321743e-01
1.049270200000000042e+00 6.252536777777777388e-01 3.191349242982199907e-01
1.050804200000000188e+00 7.307969019157091184e-01 3.367596542342827792e-01
1.052338199999999890e+00 4.017721007662826693e-01 3.416205497842246253e-01
1.053872300000000317e+00 2.190912557471262900e-01 3.296423244629957949e-01
1.055406300000000019e+00 1.137189218390801532e-01 3.372882476934463969e-01
1.056940300000000388e+00 4.338268821839089129e-01 3.469055163269220143e-01
1.058474300000000090e+00 5.655856312260532093e-01 3.567822726421239765e-01
1.060008300000000014e+00 2.935248749042144722e-01 3.540297589807948064e-01
1.061542299999999495e+00 2.161207831417640002e-01 3.566999495026381695e-01
1.063076399999999921e+00 2.767377298850580147e-01 3.594366323583658152e-01
1.064610399999999624e+00 -4.915320898467446242e-01 3.604013196220662296e-01
1.066144399999999992e+00 -6.665401090038312049e-01 3.698901836580614777e-01
1.067678499999999753e+00 -3.693051607279693727e-01 3.754037467518561155e-01
1.069212499999999677e+00 -6.400811762452197906e-02 3.774744688660636172e-01
1.070746499999999823e+00 9.007748735632147008e-02 3.933339686531300838e-01
1.072280500000000192e+00 2.720154885057368688e-02 3.986871123043556064e-01
1.073814500000000560e+00 1.007557863984684943e-01 4.083898128228428126e-01
1.075348600000000321e+00 5.100004367816097783e-01 4.081853672683504741e-01
1.076882600000000023e+00 4.639378791187728779e-01 4.200562893006905552e-01
1.078416600000000392e+00 -1.299737766283532991e-01 4.033853907600192246e-01
1.079950600000000094e+00 1.096415862260537999e+00 4.340899243347104974e-01
1.081484700000000299e+00 5.818400804597789744e-02 4.401534550775325072e-01
1.083018600000000164e+00 -8.148288180076602993e-02 4.493894130684443211e-01
1.084552699999999925e+00 -5.926855865900382270e-01 4.551583511556768769e-01
1.086086699999999627e+00 -8.668052521072802108e-01 4.588341971414833798e-01
1.087620699999999996e+00 5.523360218390811482e-01 4.884596551168509104e-01
1.089154699999999920e+00 3.585771917624533955e-01 4.798612049811096791e-01
1.090688799999999903e+00 6.368237643678043014e-02 4.822829347631406027e-01
1.092222700000000213e+00 6.931737818007679408e-01 5.222206383098957350e-01
1.093756800000000196e+00 1.198576939463602109e+00 5.298836451630158928e-01
1.095290899999999512e+00 6.008098846743283872e-01 5.408100323550720789e-01
1.096824800000000044e+00 -4.360609789272107406e-02 5.349997040212898236e-01
1.098358900000000471e+00 5.705507411877386303e-01 5.517363639013218579e-01
1.099892899999999729e+00 -5.285726568965500860e-01 5.300721140757584937e-01
1.101426900000000098e+00 1.266737913793090087e-01 5.701109365228618220e-01
1.102960899999999578e+00 5.135127994252872696e-01 6.104938482357883389e-01
1.104495000000000005e+00 7.577114731800627112e-02 6.173993826106638494e-01
1.106028899999999648e+00 8.021924823754797984e-01 6.462738028837463622e-01
1.107562999999999409e+00 5.797145082375472214e-01 6.583619291814831742e-01
1.109096999999999777e+00 4.090722036398454775e-01 6.268856499557389217e-01
1.110630999999999924e+00 9.076853208812254437e-01 6.845753305001275324e-01
1.112165000000000292e+00 6.695996478927197515e-01 6.675923487105646092e-01
1.113699100000000497e+00 2.016809501915606262e-02 6.965603450933889329e-01
1.115232999999999919e+00 2.911056413793122744e-01 7.114650338750184710e-01
1.116767100000000346e+00 -9.447602873565051282e-03 7.238500935236186207e-01
1.118301200000000106e+00 1.563697586206824752e-02 6.969777318176757497e-01
1.119835099999999750e+00 -1.132655642988504852e+00 6.862944220760679448e-01
1.121369199999999955e+00 5.564950453256694018e-01 7.220933955150726780e-01
1.122903200000000101e+00 4.275707435823762892e-01 7.788072825866148019e-01
1.124437199999999581e+00 5.809120619540237840e-01 8.086582175211823875e-01
1.125971199999999950e+00 5.003520655172408738e-01 8.558508092815606538e-01
1.127505299999999711e+00 -6.457733980076625357e-01 8.392202754695730071e-01
1.129039200000000021e+00 -3.161927704214555490e-01 7.768967870707061962e-01
1.130573300000000225e+00 4.439671970881238217e-01 7.647611623758370225e-01
1.132107299999999928e+00 -4.875982433141743955e-01 8.176333427410340526e-01
1.133641300000000296e+00 4.304016226053519745e-02 8.846433093447955143e-01
1.135175299999999998e+00 -2.170209779118774662e-01 8.923894517290419381e-01
1.136709400000000425e+00 7.279706944827584181e-01 9.628548630637959738e-01
1.138243500000000186e+00 2.759855067049796773e-01 9.559867068198264484e-01
1.139777400000000052e+00 9.618972760919558551e-01 1.025228173282867861e+00
1.141311500000000478e+00 2.939529999999992427e-01 1.082843241915594446e+00
1.142845399999999900e+00 -1.492097776436782652e-01 1.083107456920680889e+00
1.144379500000000105e+00 1.244510358429105068e-01 1.147350300681988955e+00
1.145913499999999807e+00 1.083575977911877430e+00 1.258469251707188041e+00
1.147447599999999790e+00 -1.679289904214620321e-02 1.237633920337145366e+00
1.148981500000000322e+00 2.263936877394634450e-01 1.267820706783813645e+00
1.150515599999999639e+00 9.883748727969356163e-02 1.284007085647305813e+00
1.152049500000000171e+00 5.765144626819918017e-01 1.498083648218431874e+00
1.153583600000000597e+00 1.245589401206896873e+00 1.841161996478409835e+00
1.155117600000000300e+00 1.529586808620690297e+00 1.856472661811908731e+00
1.156651600000000224e+00 4.570224208812270206e-01 1.956159573572706423e+00
1.158185700000000207e+00 9.919188927203057560e-01 2.556294247695372057e+00
1.159719699999999909e+00 5.200570140996168433e+00 2.822371717522181189e+00
